event_mean  event_stdev
912945692 7221518 276467200 9871112
923411997 58382437 649081958 213377715
935922246 5979754 466401892 10006537
1782122818 64311441 714265753 218547888
1924307277 11148917 486791045 14672331
1913560855 62663081 634972315 205786776
1989764070 8945210 689984642 13405122
2961446960 61857618 632463000 206804261
3215452514 13564604 410119659 18627502
2856462254 61750380 756706766 201945335
3366967056 9204381 549283875 12769141
3960794402 66335106 654862217 218971354
4972729945 21120556 706263628 44124340
3825857747 66219136 273291931 218942568
4178850208 16652185 644321820 36813728
4955556065 55920167 423100375 166722023
6663659580 29331735 498712185 67753449
5530012901 57593543 694049090 168277761
5449156819 32942538 632182233 72737053
5826269416 37984263 593910332 156807665
8910431723 59032330 465860410 173873593
5924988650 19296848 604503649 48927488
6630097710 68144777 185222259 227840284
6795233846 10806502 712422782 18828315
10986178607 63544152 670765682 212409978
6706434255 13421007 549750395 21872588
8019278216 135094786 384479765 298292213
7996240033 10763712 755649054 18276731
12305993855 66301866 746375842 218109889
7453559368 14254893 716238726 28905570
9156674315 62515521 175964335 218075125
9142762637 10665193 719770332 19448816
13157229169 64162621 365038202 224095598
9262322995 14373570 576332748 20833431
10327515415 63149394 614196635 209392308
10298874182 15083486 210844766 35860053
13696649183 61026194 484288594 198036996
10581759151 11013035 397125436 15599562
11433731111 67358723 615221914 221656896
11456612426 10794379 636167245 16201199
13398183642 64720744 457036695 208543478
14412230486 11274400 464229038 16758615
11331711084 68058695 445161333 220101452
12608715454 11041692 428104814 16308785
12577227650 61096215 611056507 191202458
20826692899 11068885 742253914 18563320
8450653972 67153889 495636955 217745891
13727738327 9963006 591211018 15930967
13752265108 63617921 551801857 206319982
19744949394 10803365 577361001 15979666
